num_users:100005
num_items:17257
num_reviews:1057218
num of reviews per user:10.571641417929104
num of reviews per item:61.26308164802689
